********************************************************************************
STREME - Sensitive, Thorough, Rapid, Enriched Motif Elicitation
********************************************************************************
MEME version 5.5.5 (Release date: Thu Sep 14 08:48:04 2023 +1000)

For further information on how to interpret these results please access http://localhost:8080/meme_5.5.5.
To get a copy of the MEME Suite software please access https://meme-suite.org.

********************************************************************************


********************************************************************************
REFERENCE
********************************************************************************
If you use this program in your research, please cite:

Timothy L. Bailey,
"STREME: accurate and versatile sequence motif discovery",
Bioinformatics, Mar. 24, 2021.
********************************************************************************


ALPHABET= ACGT

strands: + -

Background letter frequencies
A 0.32 C 0.18 G 0.18 T 0.32 

MOTIF 1-CGTGTAAT STREME-1
letter-probability matrix: alength= 4 w= 8 nsites= 12120 E= 5.9e-003
 0.006246 0.965390 0.005875 0.022489
 0.041302 0.014417 0.907858 0.036423
 0.127069 0.119968 0.080903 0.672061
 0.095204 0.074692 0.722179 0.107925
 0.092006 0.131201 0.065126 0.711667
 0.792999 0.070263 0.073471 0.063266
 0.738595 0.093333 0.089269 0.078803
 0.095349 0.089198 0.105255 0.710198

MOTIF 2-AACTTTARTA STREME-2
letter-probability matrix: alength= 4 w= 10 nsites= 101 E= 9.3e-003
 0.996275 0.000988 0.000988 0.001750
 0.996275 0.000988 0.000988 0.001750
 0.001750 0.995513 0.000988 0.001750
 0.001750 0.000988 0.301023 0.696240
 0.001750 0.000988 0.000988 0.996275
 0.001750 0.000988 0.000988 0.996275
 0.996275 0.000988 0.000988 0.001750
 0.662254 0.000988 0.335008 0.001750
 0.001750 0.000988 0.000988 0.996275
 0.996275 0.000988 0.000988 0.001750

MOTIF 3-TATACATATACACA STREME-3
letter-probability matrix: alength= 4 w= 14 nsites= 52 E= 6.2e-002
 0.001265 0.000714 0.028159 0.969861
 0.969862 0.028159 0.000714 0.001265
 0.001265 0.000714 0.000714 0.997306
 0.997306 0.000714 0.000714 0.001265
 0.001265 0.996755 0.000714 0.001265
 0.914972 0.055604 0.000714 0.028710
 0.001265 0.000714 0.000714 0.997306
 0.997306 0.000714 0.000714 0.001265
 0.001265 0.000714 0.055604 0.942417
 0.964165 0.033855 0.000714 0.001265
 0.001265 0.996755 0.000714 0.001265
 0.997306 0.000714 0.000714 0.001265
 0.001265 0.774941 0.000714 0.223079
 0.942417 0.000714 0.055604 0.001265

MOTIF 4-CTCCAGTGTGGATC STREME-4
letter-probability matrix: alength= 4 w= 14 nsites= 115 E= 1.2e-001
 0.000430 0.998896 0.000243 0.000430
 0.075091 0.037573 0.028240 0.859095
 0.000430 0.970899 0.028241 0.000430
 0.000430 0.952234 0.018908 0.028428
 0.747104 0.009575 0.214893 0.028428
 0.009763 0.065571 0.914903 0.009763
 0.019095 0.000243 0.018908 0.961754
 0.000430 0.000243 0.998896 0.000430
 0.000430 0.009575 0.000243 0.989751
 0.000430 0.000243 0.998896 0.000430
 0.289748 0.000243 0.700247 0.009763
 0.887091 0.046907 0.065571 0.000430
 0.009763 0.046906 0.000243 0.943089
 0.000430 0.849575 0.084235 0.065759

MOTIF 5-AACTCTTCCCACACT STREME-5
letter-probability matrix: alength= 4 w= 15 nsites= 99 E= 1.2e-001
 0.978403 0.010561 0.010561 0.000475
 0.834292 0.020855 0.113497 0.031355
 0.000475 0.895847 0.103204 0.000475
 0.010768 0.092910 0.010561 0.885761
 0.000475 0.937022 0.000268 0.062236
 0.041649 0.010561 0.020855 0.926934
 0.000475 0.010561 0.000268 0.988696
 0.000475 0.762029 0.020855 0.216642
 0.010768 0.854673 0.000268 0.134291
 0.010768 0.947315 0.000268 0.041649
 0.854879 0.000268 0.144378 0.000475
 0.000475 0.998783 0.000268 0.000475
 0.968109 0.000268 0.010561 0.021062
 0.010768 0.741442 0.113497 0.134293
 0.093117 0.010561 0.020855 0.875467

MOTIF 6-AGAAACCATTCACAT STREME-6
letter-probability matrix: alength= 4 w= 15 nsites= 62 E= 5.0e-001
 0.998252 0.000464 0.000464 0.000821
 0.054254 0.018274 0.873218 0.054254
 0.980441 0.000464 0.000464 0.018632
 0.998252 0.000464 0.000464 0.000821
 0.784521 0.000464 0.214194 0.000821
 0.000821 0.997894 0.000464 0.000821
 0.000821 0.997894 0.000464 0.000821
 0.731087 0.000464 0.267628 0.000821
 0.018632 0.000464 0.000464 0.980441
 0.285799 0.000464 0.000464 0.713273
 0.000821 0.908840 0.018274 0.072064
 0.855765 0.018274 0.089518 0.036443
 0.072064 0.837597 0.089518 0.000821
 0.820143 0.107329 0.000464 0.072064
 0.000821 0.000464 0.000464 0.998252

MOTIF 7-ATGGTGGGTCTCTG STREME-7
letter-probability matrix: alength= 4 w= 14 nsites= 31 E= 2.0e+000
 0.790767 0.035204 0.000893 0.173136
 0.001582 0.035204 0.069514 0.893700
 0.070203 0.069514 0.858700 0.001582
 0.001582 0.000893 0.995943 0.001582
 0.001582 0.206760 0.000893 0.790765
 0.001582 0.000893 0.995943 0.001582
 0.001582 0.035204 0.858700 0.104514
 0.001582 0.035204 0.961632 0.001582
 0.001582 0.138136 0.000893 0.859389
 0.001582 0.961632 0.035204 0.001582
 0.001582 0.000893 0.000893 0.996632
 0.001582 0.995943 0.000893 0.001582
 0.001582 0.000893 0.069514 0.928011
 0.001582 0.000893 0.893010 0.104515

MOTIF 8-AACAGCTGAAAAC STREME-8
letter-probability matrix: alength= 4 w= 13 nsites= 35 E= 5.3e+000
 0.945129 0.000681 0.052985 0.001206
 0.960429 0.011534 0.000681 0.027356
 0.045089 0.926874 0.000681 0.027356
 0.997433 0.000681 0.000681 0.001206
 0.001206 0.000681 0.996908 0.001206
 0.001206 0.970757 0.000681 0.027356
 0.027356 0.079133 0.000681 0.892830
 0.001206 0.000681 0.996908 0.001206
 0.709767 0.052982 0.209894 0.027356
 0.997433 0.000681 0.000681 0.001206
 0.918981 0.026831 0.052982 0.001206
 0.997433 0.000681 0.000681 0.001206
 0.053508 0.944606 0.000681 0.001206

********************************************************************************
Stopped because 3 consecutive motifs exceeded the p-value threshold (0.05).
********************************************************************************
COMMAND:	streme --verbosity 1 --oc . --dna --totallength 4000000 --time 14400 --minw 8 --maxw 15 --thresh 0.05 --align center --p primary_fragments.txt --n control_fragments.txt
********************************************************************************
CPU:		6adda16b157b
********************************************************************************
FINALTIME:	512.07 seconds
********************************************************************************
